Szklenice|9.2104379736|0.108543|84.8552|15.0412430749384|15.0465941594229|51.2853632694406|51.2883307779764
Szabelnia|32.636360601|0.223977|145.713|20.4436893645718|20.4517041335368|51.1743983899281|51.180022280234
Szczedrzykowice-Stacja|19.652197602|0.267985|73.3332|16.3475436963637|16.3560569404798|51.211416264995|51.2172934579845
Szydło|62.701755801|0.276503|226.767|19.8797162494182|19.8914087211563|50.1213803746548|50.1272892565502
Szepietowo Podleśne|17.884707863600003|0.376076|47.5561|22.5204733882189|22.5295534692793|52.8471289914543|52.8549021804605
Szumiłówka|8.2328881912|0.416366|19.7732|22.984299261227|23.0082730503719|52.4139571818022|52.4191907470297
Szreniawa|17.423761814400002|0.497492|35.0232|20.0575826756739|20.0682846649797|51.0651351843297|51.0731770645392
Szeligi-Kolonia|20.3784096345|0.679269|30.0005|22.2868252659121|22.3013682717098|53.0560282935304|53.0653912867573
Szyby|83.572755446|0.745081|112.166|21.3374153355679|21.3553519968459|50.8955674951538|50.9063738460914
Szyszkówka|27.2921090274|0.752838|36.2523|17.9493286913304|17.9680902755339|53.4504088625228|53.4598767629301
Szklana|123.386623128|0.754008|163.641|20.2454912786592|20.2652546640674|50.1774862540824|50.1874062405179
Szymbory-Jakubowięta|39.4646198094|0.829854|47.5561|22.5984800332199|22.626697284104|52.9031089518016|52.9127398674896
Szymanowice Górne|76.01809149479999|0.899318|84.5286|21.4295146609146|21.4465765427689|50.6422484860742|50.6584761544902
Szwedy|29.801829301599994|0.916252|32.5258|20.1610793761878|20.1800878174313|50.9986540892411|51.0081784883614
Szczepany|23.496448039999997|1.0412|22.5667|22.9653386103566|22.9967406584174|52.8115705728509|52.8225809510341
Szczeberka|15.1387173|1.04477|14.49|22.9340722079036|22.956996135976|53.9238053745344|53.9405207824995
Szlachcin-Huby|163.37502144|1.08336|150.804|17.3813690326089|17.3990142804088|52.1944019787636|52.2055401855673
Szyjki|29.408693247999995|1.18528|24.8116|22.3902501910349|22.41455959077|53.3560171747614|53.373036152763
Szlasy-Mieszki|36.325874976|1.25234|29.0064|22.5258904090452|22.5441485773634|53.0587832441094|53.0772193900288
Szlasy|31.912928036|1.28621|24.8116|22.4089846461167|22.4358164253381|53.3579577840881|53.3723329436883
Szczygłów|302.06502802000006|1.29113|233.954|20.1392610945671|20.167773262359|49.96850357176|49.9766992566334
Szrapki|49.552820883|1.31037|37.8159|17.3494965368338|17.3679653600861|52.2705199561527|52.2850356875226
Szerokie|182.59242915999997|1.32866|137.426|22.4644465419267|22.4867273660872|51.24643267186|51.2554715874063
Szerszenie|39.090981413|1.41361|27.6533|22.9495689550385|22.9774230170531|52.3941539683479|52.4086447417639
Szczeglin|98.55069218|1.44458|68.221|20.9854044727732|21.0144017308185|50.4097770843906|50.4240400610164
Szczepanów|85.63248624|1.45012|59.052|20.3433891393333|20.3727572219279|50.7304567560537|50.7444282810161
Szlachęcin|476.17610719999993|1.46765|324.448|16.9636523356618|16.9888950849771|52.5509029706992|52.5668321894645
Szczotkowice|73.43333826|1.4786|49.6641|20.3272474916561|20.3478581680403|50.3443000605592|50.3596407422708
Szczęście|140.459067799|1.48439|94.6241|21.655669665942|21.680598543897|51.3568285479358|51.3685135645763
Szóstaki|94.41992254|1.5118|62.4553|20.2441637483323|20.2696822804398|51.0179549494855|51.0348750772455
Szpitary|161.78500985|1.51477|106.805|20.3530208758097|20.3718698660902|50.1412614410121|50.1582906756336
Szymbory-Włodki|72.482629815|1.52415|47.5561|22.5938065479543|22.6284345360319|52.8977320726917|52.9096868898366
Szczęsna|322.28890792|1.54667|208.376|20.8480563777447|20.8818410274336|51.8836107951314|51.9000208492503
Szlichtyngowa|79.77357613000001|1.54831|51.523|16.2250503225365|16.2537420635536|51.700098059294|51.7161632894123
Szyndziel|132.192570006|1.57353|84.0102|23.3851108323368|23.4112027590902|53.4226949905184|53.4452932897408
Szczepiatyn-Osada|55.13455196100001|1.62243|33.9827|23.8173793385714|23.8618710081317|50.4131263736146|50.4255586804776
Szczytna|293.75037019999996|1.66915|175.988|22.5948121220833|22.6225947680329|50.0009475416757|50.0171635724024
Szczelatyn|59.01274008000001|1.7676|33.3858|23.4901934186534|23.5149173908921|50.8122421862589|50.8293882677874
Szalenik-Kolonia|181.78095362000002|1.77394|102.473|23.4622096399117|23.490118050001|50.3669525863707|50.3845441875381
Szczucice|89.89031526000001|1.7834|50.4039|21.3911155452742|21.4173440159507|50.848919177683|50.8621375703133
Sześciwłóki|39.834707042000005|1.82806|21.7907|22.8355015090817|22.8595233580943|54.3112110728214|54.3256322827529
Szlachecki Las|89.44342275|1.8535|48.2565|21.7498134670438|21.7687788789852|51.2932079658018|51.3115313412481
Szewce|190.63267019999998|1.87686|101.57|21.6158283949444|21.6397913144744|50.6223998563759|50.6409137729591
Szafranki|58.398978645|1.88195|31.0311|22.6079003961099|22.6588542763296|53.2280482898792|53.2491088830106
Szczekarzów|148.91408884799998|1.90254|78.2712|20.4071749143975|20.4381555627586|50.2840891723681|50.3061484779742
Szczepki|27.779358600000002|1.91714|14.49|22.9434547517202|22.9890050858428|53.9505270953517|53.9640505709936
Szymaki|61.363250963999995|1.93132|31.7727|23.6790642071395|23.706503427156|53.4382910734821|53.454003342229
Szlasy-Łopienite|57.984663792|1.99903|29.0064|22.5180094890576|22.5361281490122|53.0575149855889|53.0773793426567
Szalenik|64.344254142|2.06346|31.1827|23.4811665178578|23.5063238373896|50.3643611494489|50.3805436799683
Szyce|469.15371096|2.06888|226.767|19.8420890561014|19.8697283309317|50.1397924495773|50.1538791490325
Szymbory-Andrzejowięta|98.532434712|2.07192|47.5561|22.5894165709923|22.6233078507055|52.8879681691008|52.902656844758
Szczęsne|849.6906629|2.0723|410.023|20.6369951356157|20.6637823583989|52.0714936480897|52.0904765693154
Szczytniki Małe|146.22820996|2.16071|67.676|16.2428266345363|16.2718917153855|51.2373900672062|51.2526700672643
Szczepanowice|268.36059869999997|2.16605|123.894|20.0996227529923|20.1272447801691|50.1855490890185|50.2046371826404
Szczebrzusz|110.435332854|2.19066|50.4119|21.1546912694133|21.1846994914793|50.35608736215|50.3758978698425
Szczytniki-Kolonia|367.82733057|2.24777|163.641|20.279425857169|20.3169471391138|50.2332665942876|50.2477895565445
Szczypiec|229.3322479|2.27815|100.666|20.5663700371358|20.5921827674989|50.5315148781657|50.5521045840877
Szczuki|47.59426237500001|2.29475|20.7405|23.2040701191932|23.2444605303239|53.4988715904594|53.512097586487
Szeligi-Leśnica|72.59940997|2.41994|30.0005|22.2720017162512|22.2982316242322|53.0367620416651|53.0598902605882
Szaciły|131.189579642|2.43067|53.9726|23.0294812860832|23.0545437435209|53.2407642606899|53.2572922729095
Szczukowskie Górki|391.979952|2.478|158.184|20.517431527256|20.5475773712236|50.8731720775864|50.8922045481738
Szczyglice|204.71407792999997|2.50766|81.6355|16.1066270355985|16.1393007387756|51.6216199659971|51.6386505678856
Szumki|51.008526765|2.54667|20.0295|23.0306043598514|23.0616999925688|52.6929033616162|52.7123731618517
Szarbia|255.74683734|2.54733|100.398|20.2383704232335|20.2663089268849|50.1212309686328|50.1433402905014
Szozdy|71.45000228399999|2.59198|27.5658|22.9159305510778|22.9459782091848|50.5729872762163|50.5934361530373
Szymanowice|128.21850389|2.6581|48.2369|16.0600253132673|16.1071448245283|51.1667641941232|51.1807343549617
Szafranów|232.332433995|2.66835|87.0697|21.2661722860041|21.324563318461|50.326021571448|50.3429438892554
Szczupak|146.807452065|2.73387|53.6995|23.1153560949947|23.1484597318667|51.3360295899024|51.3537372778434
Szymany-Kolonie|55.016685776|2.81398|19.5512|22.5037665205649|22.5414680943871|53.6404571484673|53.6606276496192
Szarkówka|277.15027563499996|2.84035|97.5761|19.8977365438492|19.9244241434674|50.3817310535008|50.3996394421529
Szumowo|82.920924396|2.86434|28.9494|23.1468329727187|23.1789023792041|53.4458133869288|53.4619975801816
Szarajówka|82.80812217600001|2.87008|28.8522|22.8298233480023|22.8655273381272|50.3620167925259|50.3798873695209
Szczodruchy|123.264322812|2.89746|42.5422|22.6703360931336|22.7003647967881|54.0109866580893|54.0312804825755
Szczodrzykowo|359.46507189|2.89959|123.971|17.0897080685798|17.1232065150192|52.2798999798709|52.3057850801878
Szadurczyce|183.303928353|2.92313|62.7081|17.5255432458184|17.5538962321419|50.5516377504723|50.5716604670886
Szyszki|251.57274440999998|2.99455|84.0102|23.5289606638972|23.5749420096932|53.3931601818224|53.41198498869
Szury|75.79391011499999|2.99985|25.2659|22.9949182462005|23.029164719777|54.2002127610164|54.2249016481132
Szostakowo|51.820101900000004|3.1017|16.707|23.4619481403324|23.4962397093362|52.754230466303|52.770068869314
Szczęsnowicze|32.75504442|3.10545|10.5476|23.6669914785416|23.7084442373273|53.3337298639933|53.3565668872189
Sztombergi|366.87197379|3.13971|116.849|21.193775889447|21.2320558884807|50.5889719433113|50.6148338886431
Szymanów|273.329837967|3.21329|85.0623|21.5799100667927|21.6189454591488|51.1793701689368|51.2006310570201
Szorcówka|127.02707380799998|3.29492|38.5524|23.4086038431417|23.4412607478229|50.8059513638107|50.8315314753771
Sztabinki|64.606517052|3.39108|19.0519|23.3903480104432|23.4347572146605|54.1087053717638|54.1339410694895
Szczyrzyc|396.41648885999996|3.40371|116.466|20.1798491350603|20.2155106348724|49.7761112609815|49.7981992704199
Szkocja|146.74719179000002|3.44945|42.5422|22.7723223663288|22.8124749934038|53.9577143928638|53.982430273975
Szeligi|386.82130662|3.45333|112.014|21.1532445326482|21.2006718965571|50.9362169771145|50.9523788414816
Szczaworyż|483.66486602000003|3.47054|139.363|20.7787037428648|20.8373960702681|50.4391406471244|50.4620139852979
Szepietowo-Janówka|166.136284228|3.49348|47.5561|22.4982865278372|22.5261746360011|52.8367275724649|52.8775963789731
Szumsko|107.396715426|3.55263|30.2302|21.0690105864347|21.0981884956836|50.6809671949946|50.7109315876446
Szymanówka|217.42943744000002|3.5968|60.4508|21.7135592588073|21.7590856079119|50.8789590853836|50.9005316633384
Szczereż|447.85938712|3.70444|120.898|20.4708285472834|20.513161385553|49.5455972424401|49.5693964785231
Szeszyły|74.83041229499999|3.73601|20.0295|23.1307305814193|23.1739075665614|52.6157051823081|52.6351676900444
Szopowe|208.2986565|3.751|55.5315|23.0585202259576|23.0945078142178|50.5015909892654|50.5339187432203
Szepietowo-Wawrzyńce|179.89473951899998|3.78279|47.5561|22.5178245259407|22.5598636151123|52.838379349441|52.8585290730043
Szklanów|261.62889942000004|3.83502|68.221|20.87271432381|20.9197000759252|50.4099906797759|50.4339946447914
Szulborze-Kozy|196.293642404|3.90827|50.2252|22.2963689674906|22.3384853117767|52.7404642927402|52.7681960562215
Szyszczyce|194.9315925|3.925|49.6641|20.372322886488|20.4069907597643|50.3920522404523|50.4157181806153
Szczaki|2392.11256184|3.98984|599.551|20.8679420238631|20.9033822686207|51.9987345617465|52.0307747631967
Szczeglice|259.95702950000003|4.02878|64.525|21.3013431260079|21.3495565157904|50.6666131957223|50.688456388601
Szymanowice Dolne|352.16389860600003|4.16621|84.5286|21.4160618505457|21.4711106111566|50.6232086751946|50.6443713931166
Szczodrkowice|581.0131488000001|4.1988|138.376|19.8873320765654|19.9273595683213|50.1816587759751|50.2053604824594
Szlasy-Lipno|122.26487663999998|4.2151|29.0064|22.3758166898704|22.4227192579902|53.054041188161|53.0773174447298
Szarów|701.2059348600001|4.31514|162.499|20.2544275394425|20.291193787391|49.9881739548566|50.0283841645816
Szczepańcowa|763.75429363|4.38967|173.989|21.6979780700358|21.7328033281498|49.6465656384315|49.678112667263
Szepietowo-Żaki|212.462583482|4.46762|47.5561|22.4800991467633|22.5189451742576|52.8236113550147|52.8743538690738
Szczytniki|479.28801501000004|4.51677|106.113|21.8079447965521|21.8433742615262|50.7259563636566|50.7534570811881
Sztum|473.63464125|4.58615|103.275|19.0101338491558|19.0615338327456|53.9096949748277|53.9344485731542
Szczerbaków|259.887489426|4.61771|56.2806|20.6876702686027|20.731145314756|50.3328128856485|50.352907141948
Szernie|84.88951875999999|4.6282|18.3418|23.2845436277959|23.3172271226095|52.6609419446038|52.6947984669186
Szablaki|120.52424362299999|4.63967|25.9769|21.740660712277|21.7959343212034|53.4117990810676|53.4477161468299
Szamocin|277.62233136|4.67016|59.446|17.1005921463937|17.1419954080072|53.0170605828804|53.0453101859376
Szpica|279.160636266|4.75218|58.7437|22.9980343222581|23.0453322389345|51.2537699719928|51.2836358472343
Szwarszowice|534.30610598|4.76353|112.166|21.2726405153758|21.3263349758644|50.8924952905384|50.910279253646
Szaciłówka|140.253763626|4.84479|28.9494|23.1126461472771|23.1601907413305|53.4071945560836|53.4265020675812
Szpaki|111.14009483199999|4.92496|22.5667|22.9264484755819|23.0188023834801|52.7987363613508|52.819641380688
Szepietowo|238.235136316|5.00956|47.5561|22.5132270381481|22.5632308601233|52.8580597951535|52.8765765808203
Szarbków|505.05944187999995|5.01718|100.666|20.6036619791885|20.6673493887291|50.5339939423247|50.5602371580199
Szarbia Zwierzyniecka|393.208679304|5.02367|78.2712|20.3416788368639|20.3882122872335|50.3127734595646|50.3377276921698
Szabły Młode|171.55062741000003|5.02683|34.127|21.8755482319107|21.9187747142249|52.9984966716126|53.0220859577985
Szałas|450.53487206399996|5.08416|88.6154|19.9506884569238|20.0073560715082|50.5662618467896|50.586985641961
Szydłówek|711.2193646299999|5.10563|139.301|20.8721562903555|20.9177697760427|51.2163608685938|51.2480016872608
Szopinek|591.88477408|5.19968|113.831|23.3009304257142|23.3324638973011|50.7078202540655|50.7445122390137
Szyperki|317.341236955|5.28977|59.9915|22.2733995846648|22.3318916775912|50.5391470507875|50.5670631860821
Szlachcin|801.3045942|5.31355|150.804|17.3619323644695|17.3987461332965|52.1901067870447|52.2235718419091
Szaszorowice|180.495818445|5.36097|33.6685|16.3587859324814|16.4123619950155|51.6459040487442|51.6680566738156
Szołtany|167.42447109000003|5.41818|30.9005|23.1087073940823|23.1589158522793|54.2283436639603|54.2594589641075
Szczyty|724.95385235|5.43179|133.465|20.9856082106797|21.0382927851258|51.6227118587527|51.6576086852537
Szebnie|1661.15091065|5.44645|304.997|21.5702734794138|21.6165354589046|49.7458236864738|49.7684186749457
Szymonki|342.07453048499997|5.52879|61.8715|17.1470719673409|17.2160471301384|51.6177906603491|51.6437540755679
Szlembark|631.37265784|5.59004|112.946|20.1971063106575|20.2289760216552|49.4656673434591|49.5012010451472
Szypłów|429.95782656|5.62176|76.481|17.3852312493415|17.4209284122703|52.0133919895475|52.0496796419745
Szczytkowice|668.26575495|5.66591|117.945|17.061869457588|17.0965455953649|51.3388083505148|51.3759943762476
Szczyty-Nowodwory|104.697195416|5.70812|18.3418|23.3233115916919|23.3830002405768|52.7248964564322|52.7453746714876
Szczukowice|909.67347432|5.75073|158.184|20.4947006471382|20.5282008902082|50.859416144272|50.898880852014
Szczyty-Dzięciołowo|106.552285068|5.80926|18.3418|23.3194162271254|23.3885215558076|52.7397440479051|52.7557967605488
Szablak|240.143514156|5.87214|40.8954|21.9233197404049|22.0033310657939|53.2240554518537|53.2471451525164
Szewna|668.44093874|5.95939|112.166|21.3381875273861|21.3829737545281|50.8940428638675|50.9234356850749
Szystowice|201.21688431600003|6.02702|33.3858|23.5938884671821|23.640595022907|50.8121917822127|50.8423533605387
Szuszalewo|278.43647322|6.04335|46.0732|23.3214029412078|23.3913692152582|53.6969308438599|53.721956776566
Szczedrzykowice|446.59552134|6.08995|73.3332|16.3260809679325|16.3644794547522|51.2085685581223|51.2420648669319
Szedziec|477.1458189|6.1335|77.7934|16.6014425401205|16.6458223694279|51.6371102489243|51.6623769543138
Szwagrów|381.493645798|6.30394|60.5167|21.3884990223461|21.4502432860956|50.4461949432115|50.4713703756124
Szastały|106.20744570000001|6.45795|16.446|23.0631995502726|23.1238634102299|52.7369318627285|52.7582271806249
Szarocin|382.111267808|6.68251|57.1808|15.8969850417869|15.9590835112529|50.749428549994|50.7775132888553
Szczucin|764.1532446599999|6.84854|111.579|21.0540890305763|21.1061504437098|50.2958015451964|50.3298141538338
Szczypiorno|601.755962835|6.86285|87.6831|20.6513118557933|20.7000138392588|52.4698799560755|52.5044289919439
Szerzawy|769.9651936199999|6.87383|112.014|21.0110627827389|21.0592506603673|50.9393046940024|50.9688414758823
Szlatyn|238.54526299999998|6.98522|34.15|23.6359256698916|23.6842203572073|50.424594690411|50.4492709820318
Szkodna|1092.7822578399998|7.19992|151.777|21.6124762416302|21.6723996202988|49.9715919513257|50.0017098383258
Szurpiły|173.128896626|7.26023|23.8462|22.8554746511088|22.9059396681509|54.2052676665828|54.2365483624673
Sztabin|105.825632|7.3084|14.48|23.0746918773654|23.130661680637|53.6678289476813|53.7033650851565
Szyk|863.73980784|7.41624|116.466|20.2670121280893|20.3183617161917|49.775075462563|49.8083869637155
Szczebra|108.33129720000001|7.47628|14.49|22.9461863488361|23.01760043763|53.893157846504|53.9295457621446
Szubin|9546.0|7.50714|1271.59|17.712229241702|17.7803193842816|52.9951453940885|53.0268789666022
Szostaki|223.67523788999998|7.75245|28.8522|22.8867604571719|22.9399537475634|50.403817665509|50.4399475790817
Szczytniki nad Kaczawą|535.92353696|7.91896|67.676|16.2651660288533|16.3137011951705|51.2642773656214|51.2964043699618
Szumsko-Kolonia|243.092827978|8.04139|30.2302|21.0804431755611|21.1325656741339|50.6707413658865|50.7094986500297
Szyszkowa|826.42120149|8.23859|100.311|15.2253263819494|15.2837432858865|51.0407865803927|51.0681005870674
Szpakowo|248.599806688|8.35259|29.7632|22.84791398052|22.9202480339963|53.428663891505|53.4532552529026
Szudziałowo|89.590048688|8.49388|10.5476|23.6283233174737|23.6873778455994|53.2789859806003|53.3129108598035
Szypliszki|221.72545331199998|8.77568|25.2659|23.0364547279707|23.1002019653092|54.2360217725202|54.2780057435304
Szyszków|439.04197854|8.8506|49.6059|22.4803780736591|22.547392663349|50.3436194572784|50.3758016800317
Szlinokiemie|286.87900598000004|9.28396|30.9005|23.1301964431514|23.1917118161665|54.2023718760997|54.2427562620923
Szklary|1308.3188596500001|9.62445|135.937|22.2014647425007|22.2668735037888|49.8582832907493|49.9004985433091
Szczodre|1207.8073334|9.6934|124.601|17.1604722262656|17.2147029809787|51.1775421808469|51.2197881852256
Szalowa|1469.3674239600002|9.88714|148.614|21.0022703422326|21.0543721795538|49.6644425783226|49.7004999792511
Szczytno|24489.0|9.97108|2456.0|20.9597886531204|21.0359414448696|53.5466921867826|53.5805882596644
Szczepiatyn|342.86505338|10.0894|33.9827|23.8011184844559|23.8804673921544|50.4044997532248|50.439385462946
Szmurły|271.29781875000003|10.0995|26.8625|22.7719338449684|22.8278010606347|52.6673494676226|52.7158456551785
Szczejkowice|3943.6228115999997|10.7434|367.074|18.6559855349742|18.7068788687437|50.0714283825463|50.114767243046
Szczytnica|830.2043680800001|10.8961|76.1928|15.6923487302329|15.7487053480659|51.2570342789733|51.3028388576234
Szprotawa|1023.40356633|10.9419|93.5307|15.4774428783509|15.5662755699984|51.5449486470327|51.5767172461186
Szkucin|331.9785|11.34|29.275|20.0930899347516|20.1665605367254|51.0732893871742|51.1255044803074
Szymki|196.76591316|11.4327|17.2108|23.8177995704613|23.8715592486394|52.9295287521479|52.9902593672322
Szczeka|582.0012345|11.465|50.7633|21.239638747457|21.314719310083|50.468685384499|50.5156297544234
Szamotuły|1999.381522|11.8315|168.988|16.5405673964083|16.6099003581835|52.5876036896108|52.6325589954498
Szcześniki|260.94669363|12.0113|21.7251|23.3586341571473|23.4145141288905|51.4156541520568|51.480603643275
Szaniec|1791.9155177|12.8579|139.363|20.6566486570647|20.721541336222|50.5001113787719|50.5462616676048
Szczutków|593.3746399199999|13.2008|44.9499|23.0611718730133|23.1702530403225|50.0923130501066|50.1247791492942
Szczuczyn|730.7133464799999|13.2343|55.2136|22.246939348645|22.315944515173|53.5473480533897|53.5858288919705
Szarwark|2487.3161434|13.7534|180.851|21.0131109415867|21.0756693484782|50.1185041404204|50.1595176740433
Szkaradowo|867.01151665|14.0131|61.8715|17.1064723385805|17.1821521673325|51.5673460657539|51.6041607821085
Szczepankowo|498.76610500000004|14.615|34.127|21.9076715373132|21.9823778617919|53.0978292787488|53.1540212787381
Szaflary|2947.1987182000003|14.7977|199.166|19.9989413725788|20.0546714155011|49.3955601608809|49.4469227822895
Szczawno-Zdrój|5796.0|14.8105|391.343|16.1899956346989|16.2806299874802|50.766881651061|50.8234793411897
Szczodrów|1690.549925|14.8625|113.746|17.534377368154|17.6038870285455|51.2655937897187|51.3128990808395
Szufnarowa|1486.5050529|14.9243|99.603|21.5837925854506|21.6567930092048|49.8811880940787|49.9244673644169
Szpikołosy|605.7770499999999|15.1208|40.0625|23.8959953108296|23.9429330929086|50.8526195687584|50.9367427724116
Szówsko|718.2515537999999|15.1695|47.3484|22.6758019823113|22.7652945763666|50.021916857478|50.0726946812405
Szczawne|192.18209087999998|15.2256|12.6223|22.0976124887973|22.1762291797077|49.3665351887906|49.4141189856852
Szymany|313.28060832|16.0236|19.5512|22.485823930406|22.5766668719963|53.6090432558541|53.6540824736079
Szydłów|718.6250424599999|16.2201|44.3046|20.9631423335706|21.0420941859136|50.5775946467686|50.6161645543946
Szybowice|3866.8645443|16.9149|228.607|17.4524671839174|17.5328256183322|50.3298434573837|50.3699826644394
Szczurowa|1230.3868611100002|17.0329|72.2359|20.6054644488061|20.6926144162635|50.0993305722871|50.1500648870257
Szarowola|1168.26599604|17.6891|66.0444|23.2890105005462|23.3885145489483|50.4690140410896|50.5103657637678
Szadek|870.46350459|17.8963|48.6393|18.9392189541653|19.0213671919522|51.6770460643967|51.7285257596239
Szczekociny|1073.42219842|18.0557|59.4506|19.7973672381653|19.8581692590133|50.5919607905044|50.6507183506867
Szczepankowo-Spławie-Krzesinki|1634.3710634999998|18.4485|88.591|16.9867017583794|17.0586089324327|52.3284391817404|52.3856544587888
Szczawnik|1638.9464703500003|19.7617|82.9355|20.8264762395058|20.8808785724382|49.3685440917859|49.4433654891825
Szlachtowa|1680.3986001|19.767|85.0103|20.5032618612905|20.5729656476149|49.3870282762776|49.4673416474089
Szerzyny|2040.96590379|20.8641|97.8219|21.2116515551172|21.2805905158088|49.7761043576658|49.8364594932019
Szydłowiec|3048.741686|21.886|139.301|20.7826695353496|20.8934802290754|51.195788345255|51.2519709677937
Szczaniec|773.9173092|22.236|34.8047|15.6438288352755|15.7320190518319|52.2329897459386|52.2933220952291
Szynwałd|3714.1465977000007|22.9383|161.919|21.0835959927138|21.1657308456029|49.9318257382545|49.9906383741954
Szczawa|2032.59486606|24.9909|81.3334|20.2361166400172|20.3303455115764|49.5884839939097|49.635671850572
Szymbark|4508.3440509|27.0299|166.791|21.046724282551|21.1524180825868|49.5954654468592|49.6473752440242
Szczebrzeszyn|2755.5687929000005|29.1214|94.6235|22.8833602439899|23.0189241950327|50.6780055764931|50.725468563935
Szorce|407.570988|30.0624|13.5575|22.591772582488|22.6967060484674|53.2537824721113|53.3146399438745
Szczawnica|2796.6518473399997|32.8978|85.0103|20.4413325445924|20.5542237365162|49.4039627805072|49.4731423915881
Szczecno|2802.01945842|40.0617|69.9426|20.731502484913|20.8672611907093|50.7055889934596|50.7705492891921
Szczecinek|40620.0|48.48|837.87|16.6093666690732|16.7798559505526|53.6603257744811|53.7451794856175
Szklarska Poręba|6864.0|75.4383|90.9882|15.3661900338423|15.5666690320929|50.7754867809702|50.8531296922211
Szczecin|408172.0|300.597|1357.87|14.443827208893|14.8054139329533|53.3217159646634|53.5376830802714
powiat kamieński|47947.0|1003.51|47.7793|14.3917610346885|15.0967012876558|53.7672957551838|54.0545470607438
powiat zawierciański|121683.0|1003.66|121.239|19.2497712191249|19.974065585057|50.3593344792443|50.7291558809207
powiat kraśnicki|98749.0|1005.27|98.2313|21.811844652695|22.4797921924308|50.7713965746936|51.0593142457937
powiat kolski|89077.0|1010.77|88.1282|18.4569427631998|19.1050149874429|52.0608751765832|52.4283554547353
powiat nowotomyski|74336.0|1011.62|73.482|15.8043659512168|16.5126679694718|52.1824561571309|52.5142522777535
powiat lipnowski|67231.0|1016.73|66.125|18.9072631845633|19.5271395378261|52.6273022615455|53.0040696456477
powiat gryficki|61672.0|1017.83|60.5916|14.8959773188272|15.4862486139235|53.7267991719516|54.1595993443135
powiat trzebnicki|83041.0|1024.79|81.032|16.7591383746496|17.3406466939807|51.1627877881811|51.581016690659
powiat jarosławski|122130.0|1028.72|118.72|22.4104771071298|23.1542787487826|49.8373240479159|50.2129016387326
powiat krasnostawski|66559.0|1031.24|64.5425|22.7574317125162|23.4795186483007|50.804022088761|51.1228138472389
powiat wągrowiecki|69837.0|1039.61|67.1763|17.0030757103892|17.5284409414304|52.5667525785065|53.084092445954
powiat brodnicki|78102.0|1039.9|75.1054|19.0839660230315|19.7615951557418|53.080306360016|53.4593654490299
powiat żywiecki|153108.0|1040.05|147.212|18.9465786716251|19.4807647299356|49.3939780636328|49.8288819559064
powiat opoczyński|78057.0|1040.94|74.9867|19.8546013303678|20.5340194579665|51.183948268322|51.6005017500015
powiat sławieński|57855.0|1043.06|55.4668|16.2138578530855|16.8654762667442|54.1889678804884|54.5700334630494
powiat oleśnicki|106088.0|1049.34|101.1|17.2382367752975|17.7952691472399|51.0515266702362|51.4576550658365
powiat ciechanowski|90978.0|1059.8|85.8441|20.211950880896|20.9406806785435|52.6993607446716|53.1047914812476
powiat makowski|46577.0|1064.54|43.7533|20.8617266702439|21.4972752116164|52.7562670890838|53.1389012768831
powiat mrągowski|51069.0|1064.61|47.9699|21.0513696505482|21.7438246685392|53.6255109495046|53.9962175731294
powiat łobeski|37966.0|1065.03|35.6477|15.1446227249709|15.7999708538577|53.468041975192|53.8778235567727
powiat tucholski|48283.0|1075.36|44.8992|17.6021739412987|18.2766763079996|53.3818773421887|53.781074977013
powiat świdwiński|48582.0|1092.99|44.4489|15.5292252747572|16.2680863620104|53.6445679892593|53.9703570944128
powiat ełcki|89477.0|1113.05|80.3893|22.0238978145608|22.7854374101509|53.6267594430017|54.0067009726745
powiat wrocławski|127896.0|1117.89|114.408|16.5660831437385|17.3759829138284|50.8096624850104|51.2763707484235
powiat giżycki|57616.0|1118.29|51.5217|21.4333598096567|22.2141580272969|53.8547751465249|54.1815486607504
powiat szamotulski|89608.0|1119.33|80.055|16.0137714186141|16.7407341402662|52.3737505529659|52.794057478377
powiat nakielski|86969.0|1120.46|77.6191|17.3015564145608|17.8783773247394|52.8948736763027|53.2949007805155
powiat kartuski|125076.0|1120.8|111.596|17.6799913112693|18.492446518848|54.174065275827|54.4795949455153
powiat żagański|81803.0|1130.91|72.3339|14.9875233717905|15.8571888662166|51.4076150523309|51.7816569741979
powiat sokołowski|55812.0|1131.21|49.3385|21.9740871303717|22.5646397778149|52.2882170755206|52.702791053545
powiat bieszczadzki|22204.0|1138.88|19.4963|22.395045487853|22.8939989918998|49.0020467403589|49.6712411863754
powiat konecki|83392.0|1139.75|73.1666|19.9817256093163|20.7026331469642|50.9604622498334|51.3424523493444
powiat rzeszowski|165835.0|1153.32|143.789|21.7467040385193|22.3364117306063|49.7445820387941|50.3704767914182
powiat kaliski|82585.0|1160.03|71.1924|17.9340520314402|18.4817211733447|51.5328866938816|52.0455276658017
powiat miński|149897.0|1163.78|128.802|21.2379492859022|21.9799154897666|51.9735708781094|52.3950062631407
powiat kościerski|71241.0|1165.57|61.1213|17.6463311680788|18.361205350784|53.8349197756203|54.2038045855719
powiat sanocki|96096.0|1165.93|82.4201|21.9067503149893|22.4280570474085|49.1738822431459|49.6857283871105
powiat krakowski|266649.0|1167.59|228.375|19.5203897764443|20.2044824672869|49.8851918451175|50.31464539261
powiat sulęciński|35768.0|1177.66|30.372|14.6473124192419|15.4497413502714|52.2048320523041|52.6520793506336
powiat mławski|74042.0|1181.72|62.656|20.0255227913304|20.72870288533|52.8403984704286|53.2695270578407
powiat myśliborski|67698.0|1182.25|57.2621|14.4364216773538|15.3327146741057|52.6243322666045|53.0849540704222
powiat braniewski|42740.0|1203.83|35.5032|19.6191378925349|20.3936229300213|54.1023752949786|54.4532252653618
powiat przemyski|74225.0|1211.06|61.2892|22.253629821218|23.0928511411708|49.573076447813|49.9494901771453
powiat kętrzyński|65509.0|1213.32|53.9914|21.0220128867262|21.6023116245274|53.9381881513711|54.3348215880529
powiat gorzowski|70376.0|1214.48|57.9475|14.5640548519107|15.6061937367843|52.5721523638085|52.905106152987
powiat ostrowski|74683.0|1217.8|61.3261|21.5904134385892|22.4739699415798|52.6093760603437|52.980570354296
powiat przasnyski|53536.0|1218.54|43.9347|20.6645212227201|21.2142590948924|52.8641185782209|53.3630905689254
powiat węgrowski|67596.0|1220.76|55.372|21.5645834605727|22.1822632533027|52.209445148142|52.7033281444318
powiat nyski|140628.0|1223.82|114.909|16.9079012721619|17.763028971019|50.251620545079|50.669454091682
powiat inowrocławski|163682.0|1225.21|133.595|17.9677444241495|18.6253741840264|52.5372160650885|52.9917848804716
powiat toruński|100972.0|1230.59|82.0519|18.1448715369263|19.0949258288239|52.8304552510783|53.2629529523205
powiat strzelecko-drezdenecki|50418.0|1247.34|40.4206|15.2829568108553|15.9979241488554|52.7004055542032|53.1239103948301
powiat gnieźnieński|144955.0|1254.92|115.51|17.1506778947228|17.9915585826684|52.3682260493307|52.7389478652
powiat włodawski|39567.0|1256.4|31.4924|23.0562632088063|23.7093129082071|51.2647074840808|51.7806267655261
powiat jędrzejowski|87987.0|1257.16|69.989|19.7881262688376|20.5848784760922|50.4472236485859|50.8662153578245
powiat pilski|138218.0|1266.48|109.135|16.3905263759098|17.438793118494|52.9516741835397|53.3638276483316
powiat grójecki|98709.0|1267.79|77.8594|20.3849986541361|21.2882263753868|51.556397557328|51.9593619707864
powiat hrubieszowski|67157.0|1270.23|52.8699|23.5804129294365|24.145782924857|50.4121406632144|51.0033712537562
powiat garwoliński|108562.0|1284.86|84.4929|21.2756772701938|21.9565043154841|51.6120463470254|52.0410866524873
powiat wejherowski|205892.0|1286.39|160.054|17.6666074915143|18.4311689298886|54.4081681821613|54.8261395663393
powiat lubartowski|90065.0|1288.57|69.8954|22.1873368481959|23.0242799507566|51.3561199820032|51.7138124939566
powiat wysokomazowiecki|58793.0|1288.91|45.6146|22.2424539705998|22.8683955689979|52.5853589917941|53.1437830797391
powiat bolesławiecki|90306.0|1303.59|69.2747|15.2059591535814|15.8583527234987|51.1122171875991|51.5310457662556
powiat suwalski|35924.0|1306.97|27.4864|22.4765551133044|23.1597560465645|53.922691481269|54.4104028879788
powiat bartoszycki|60205.0|1307.41|46.0491|20.2609916190551|21.2205469425552|54.0228544932239|54.4022049723723
powiat lubaczowski|57057.0|1308.34|43.6101|22.7978256270765|23.5479125112778|49.9809639802417|50.4105415808239
powiat choszczeński|49929.0|1328.16|37.5925|15.2050084665162|16.0374000750269|52.9417234916981|53.3439424617207
powiat starogardzki|127279.0|1345.25|94.6133|18.063503036806|18.7347177492301|53.6550864512399|54.1431437892648
powiat zielonogórski|94919.0|1350.73|70.2724|15.0773734953288|16.0055272199256|51.7363515434494|52.2151226847728
powiat chojnicki|96213.0|1364.17|70.5287|17.2977680393446|18.1402131433575|53.5702018675399|54.0318782713177
powiat płoński|88825.0|1379.8|64.3755|19.962746273488|20.7314593657794|52.3811307450538|52.8967433661134
powiat moniecki|42077.0|1381.81|30.4507|22.4303428106489|23.1325267628299|53.2013639714191|53.6900767715135
powiat bielski|57599.0|1385.08|41.5852|22.6114318531548|23.4024830821218|52.565895959824|52.9267838475247
powiat iławski|93134.0|1385.17|67.2366|19.1276404951779|19.9480707661859|53.4328634751329|53.9167111696772
powiat łomżyński|51860.0|1387.26|37.3829|21.6225703409833|22.4983843543716|52.9787287850835|53.4378482628274
powiat międzyrzecki|58697.0|1387.58|42.3016|15.265128576232|15.9007382928754|52.2832633638279|52.714117279439
powiat żarski|99088.0|1393.62|71.1012|14.6499549933132|15.2735663618642|51.3631892749216|51.8937553551267
powiat bydgoski|110565.0|1393.81|79.3255|17.6689966508439|18.4074115448956|52.9401981596993|53.4440730881744
powiat łukowski|109325.0|1394.35|78.4056|21.8448574698919|22.6358705204593|51.6372331842213|52.0699305806913
powiat włocławski|86920.0|1396.88|62.2242|18.67705650811|19.4261044906852|52.3306356410976|52.78259966471
powiat tarnowski|199675.0|1411.58|141.455|20.6793759439214|21.348953117414|49.7282715938406|50.2427521590788
powiat elbląski|58260.0|1412.27|41.2528|19.2171533911585|20.058202692883|53.926304371652|54.3922432669961
powiat wałecki|54597.0|1415.9|38.56|15.9624769870702|16.7144669522009|53.0118424854744|53.4605408734758
powiat piotrkowski|91618.0|1427.87|64.1643|19.4116558079924|20.0673991956041|51.1070009424905|51.6495289884844
powiat radomszczański|116316.0|1442.88|80.6139|19.2045422123794|20.0562383468512|50.8432774532042|51.2860717494006
powiat siemiatycki|46938.0|1459.45|32.1615|22.4577162739866|23.3149912158674|52.2799385613107|52.6968724915594
powiat świecki|99839.0|1474.3|67.7194|18.0336593861001|18.7889713211515|53.2530775644393|53.7094895889359
powiat nowotarski|189623.0|1474.95|128.562|19.527407954433|20.6170618787872|49.3264145379961|49.6611224653171
powiat tomaszowski|86936.0|1486.75|58.4739|23.0480315865318|23.9936366126586|50.251815380582|50.7044951414689
powiat sieradzki|120057.0|1490.53|80.5464|18.3262873865326|18.8798655565445|51.3516873675689|51.8540005557537
powiat stargardzki|120726.0|1520.05|79.4223|14.7319754906667|15.7217169924905|53.0818327917648|53.5485047621091
powiat częstochowski|135549.0|1521.81|89.0711|18.848399638267|19.8321598874346|50.63464047248|51.047716595094
powiat radomski|151085.0|1530.03|98.7466|20.7572566451195|21.5665997292279|51.0802721588612|51.591368590047
powiat nowosądecki|211045.0|1549.83|136.173|20.3559208172099|21.1041046204817|49.2959689885692|49.8068533953556
powiat człuchowski|57193.0|1575.28|36.3065|16.8576524796086|17.5210755645844|53.4909642512021|54.0112518627038
powiat koniński|128698.0|1578.35|81.5394|17.9346334210921|18.6576771524857|51.9756949944803|52.5433602480846
powiat siedlecki|81792.0|1603.52|51.0078|21.8678096948957|22.7406608848139|51.9731525727508|52.4105342440089
powiat goleniowski|82270.0|1615.97|50.9105|14.3815773733016|15.3273132839653|53.402981778892|53.8177057464619
powiat hajnowski|45415.0|1623.52|27.9732|23.1748131581993|23.939926162158|52.4266894950994|52.9902082671215
powiat kłodzki|164680.0|1643.17|100.221|16.1956184595568|17.0283129799812|50.0963363769419|50.6811018690844
powiat koszaliński|65981.0|1653.67|39.8998|15.7919056894053|16.8127938482547|53.8853845844788|54.333955645645
powiat augustowski|59558.0|1659.4|35.8914|22.6968015393821|23.5887018642262|53.5700634895474|54.0247696742971
powiat złotowski|70001.0|1659.91|42.1715|16.4362486475779|17.3940549512197|53.1693640655001|53.6558709618224
powiat lubelski|149481.0|1679.79|88.9879|22.1196110622955|22.8136084876293|50.8383770744406|51.4300083838835
powiat biłgorajski|103366.0|1681.08|61.4878|22.4029450927985|23.1879508395665|50.2869166458984|50.884391789578
powiat drawski|58403.0|1764.26|33.1035|15.5845250246584|16.4577956379828|53.2009760570285|53.6939368821618
powiat szczecinecki|79104.0|1765.52|44.805|16.1970833422906|16.9820775906229|53.4702890582117|54.0051142443772
powiat ostródzki|106727.0|1767.31|60.3896|19.5560714883502|20.2723943841141|53.3784870897012|54.0798594570182
powiat piski|57819.0|1775.24|32.5697|21.4088426295964|22.3056393117281|53.4589161723199|53.9026358432814
powiat płocki|111047.0|1796.7|61.8063|19.3195676217552|20.2518159572485|52.3273157667341|52.7819871555806
powiat czarnkowsko-trzcianecki|88081.0|1806.6|48.7551|15.8936730431658|16.800149252147|52.7257522514024|53.131908647626
powiat gryfiński|83880.0|1869.04|44.8787|14.1229706388039|14.8753058264982|52.6798722856553|53.3660644856505
powiat zamojski|109198.0|1870.14|58.3904|22.7535546735815|23.6713545958766|50.4741443441646|50.909206950386
powiat chełmski|79573.0|1885.58|42.2009|23.0374799752045|23.9439699284095|50.8698178881874|51.3741064558267
powiat poznański|352395.0|1899.45|185.525|16.4527638147503|17.3977304082047|52.1516026927494|52.6804563863125
powiat szczycieński|71027.0|1933.54|36.7342|20.5889696733907|21.5516897616367|53.2923311656526|53.7912397447863
powiat sokólski|70525.0|2054.47|34.3275|22.9278232572927|23.9097068360002|53.1482697947193|53.721956776566
powiat ostrołęcki|88116.0|2098.44|41.9913|21.0538852926699|21.9606025196417|52.7982168482753|53.4818054761657
powiat bytowski|78307.0|2191.82|35.7269|16.782905191953|17.8001935319644|53.8712141693627|54.4425623797951
powiat kielecki|207588.0|2246.04|92.4238|20.0924032625484|21.1741637803326|50.5364838956888|51.0666600787747
powiat słupski|97437.0|2306.88|42.2375|16.6990764757642|17.6193291581111|54.0845483595093|54.7600596530906
powiat bialski|113336.0|2754.06|41.1524|22.6175778568342|23.6890229303793|51.6562280626805|52.2878413874469
powiat olsztyński|122483.0|2837.98|43.1586|20.1066243121483|21.1277264496984|53.4537302657432|54.103762381219
powiat białostocki|144978.0|2976.51|48.7073|22.4690741232814|23.9462700646945|52.8498964668421|53.3847459508002
województwo opolskie|779218.0|9411.96|82.7902|16.9079012721619|18.6954866139736|49.9725265382427|51.1946290698918
województwo świętokrzyskie|1268239.0|11708.6|108.317|19.704303391698|21.8692632588569|50.1854538942541|51.3424523493444
województwo śląskie|4117006.0|12334.0|333.793|18.0350357847784|19.974065585057|49.3939780636328|51.0994296621763
województwo lubuskie|964843.0|13987.5|68.979|14.534120471361|16.4168400967068|51.3631892749216|53.1239103948301
województwo małopolskie|3248461.0|15183.1|213.952|19.0831231338004|21.4217419879187|49.178475970053|50.5204984946103
województwo podkarpackie|2129294.0|17846.0|119.315|21.1400032755288|23.5479125112778|49.0020467403589|50.8205480640509
województwo kujawsko-pomorskie|2098370.0|17971.6|116.76|17.2472725694143|19.7615951557418|52.3306356410976|53.781074977013
województwo łódzkie|1682002.0|18218.5|92.3237|18.0745957932605|20.6592583527966|50.8432774532042|52.3940808416966
województwo pomorskie|4243815.0|18321.1|231.636|16.6990764757642|19.648635781688|53.4909642512021|54.8357886952043
województwo dolnośląskie|2916577.0|19946.7|146.219|14.8173521837531|17.7952691472399|50.0963363769419|51.8047536574374
województwo podlaskie|1194965.0|20186.9|59.1952|21.5928370932258|23.9462700646945|52.2799385613107|54.4104028879788
województwo zachodniopomorskie|1718861.0|22896.9|75.0694|14.1229706388039|16.9820775906229|52.6243322666045|54.5700334630494
województwo warmińsko-mazurskie|1446915.0|24173.3|59.8559|19.1276404951779|22.8061445655966|53.1391136484934|54.4532252653618
województwo lubelskie|2156150.0|25122.2|85.8265|21.6155462341137|24.145782924857|50.251815380582|52.2878413874469
województwo wielkopolskie|2642212.0|29824.8|88.591|15.7762869510549|19.1050149874429|51.1037824566044|53.6558709618224
województwo mazowieckie|5187820.0|35558.9|145.894|19.2592143093916|23.1284088855675|51.0131369726611|53.4818054761657
